  201  3774 0.81 Accés
  202  3216 0.81 Accés
  203  2064 0.76 Accés
  203  2632 0.82 Accés
  204   916 0.81 Accés
  204  1458 0.82 Accés
  336  1112 0.66 59
  353  1286 0.84 S=19.90m²
  376  1046 0.85 S=23.40m
  376  1046 0.77 S=23.40m²
  380  1153 0.71 1.44
  384  1363 0.60 .33
  384  1363 0.72 .33.
  384  1422 0.74 .85
  419  1299 0.70 4.6
  423   732 0.83 Ingenieurs
  424   768 0.82 S=31.14m
  424   768 0.75 S=31.14m²
  445  1660 0.85 S=33.64m²
  460  1031 0.61 53
  486  1328 0.71 3.25
  502  1505 0.79 10.37
  502  1505 0.74 10.37-
  514  1424 0.60 40.98-1.24
  514  1424 0.60 4o.98-1.24
  540   936 0.84 S=39.91m²
  540  1466 0.81 S=40.95m²
  543  1450 0.78 Hall1
  560  1016 0.74 1.87
  602  1425 0.66 .85
  604  1426 0.62 ,85
  605  1070 0.82 S=13.66m²
  608  1320 0.77 S=16.84m²
  618   932 0.68 3.85
  618  1017 0.60 .52
  619  2377 0.85 Zone Production
  619  2377 0.89 ZoneProduction
  649  1660 0.79 S=43.39m²
  650  1660 0.83 S=43.39m
  652  1628 0.90 Refectoire
  661   767 0.88 S=31.43m
  677  1150 0.66 28
  677  1316 0.71 3.66
  682  1062 0.69 2.97
  682  1062 0.80 2.97-
  684  2382 0.75 S=4133.39m2
  714  1415 0.65 +1,25
  718  1468 0.64 1.6
  718  1513 0.50 11
  738   759 0.71 5,23
  783   976 0.83 Batis
  844  1026 0.80 S=394m2
  850   690 0.70 -4.05-
  850   768 0.86 S=21.18m²
  850  1844 0.90 Guilotine
  852   716 0.79 Moussala
  878  1842 0.86 Electrique
  905  1255 0.86 Guilotine
  912   759 0.73 5,23
  935  1265 0.89 Electrique
  942  3767 0.85 Zone de Stockage
  942  3767 0.89 Zonede Stockage
  960  2803 0.90 Extracteur d'Air
 1002   698 0.63 .28-
 1004  3690 0.88 Polyrethane
 1010   729 0.79 Stock
 1010   767 0.87 S=22.36m²
 1012   716 0.83 Magasin
 1022   868 0.56 -2'-t9gso" nz6'ot
 1058   760 0.71 5.23
 1064  3676 0.79 S=1106m3
 1069  1264 0.86 Guilotine
 1070  2648 0.84 Machine Wintech
 1098  1258 0.84 Electrique
 1102  2651 0.91 Decoupage Polyrethane
 1140  1862 0.85 Bordeuse Tole
 1153  1340 0.74 Rouleuse
 1166  2465 0.86 Scie a Ruban
 1180  1339 0.81 de tole
 1196  2465 0.83 Electrique
 1228   520 0.75 Accés
 1262  1902 0.86 Graveuse
 1305  1308 0.84 Guilotine
 1305  3023 0.84 Scie a Ruban
 1314  2065 0.85 Graveuse
 1333  1307 0.91 Electrique
 1335  3022 0.88 Electrique
 1342  1864 0.86 Bordeuse Tole
 1388   730 0.81 S=32.78m2
 1388   730 0.78 S=32.78m²
 1390  1344 0.87 Rouleuse de tole
 1390  1344 0.88 Rouleuse detole
 1410  1966 0.87 Rouleuse de tole
 1410  2018 0.83 de tole
 1412  1966 0.88 Rouleusedetole
 1412  2018 0.85 detole
 1422  1082 0.90 Cintreuse
 1449  1082 0.87 Rouleuse
 1478  1082 0.78 de tole
 1486  2264 0.80 Scie a Ruban
 1514  2264 0.91 Electrique
 1524  1598 0.90 Guilotine
 1525  1306 0.84 Guilotine
 1532  1970 0.89 Rouleuse de tole
 1533  2022 0.87 de tole
 1554  1305 0.87 Electrique
 1554  1598 0.72 manuel
 1557  1837 0.78 Graveuse
 1564  2466 0.85 Scie a Ruban
 1564  2826 0.88 Meuleuse
 1580   760 0.79 S=32.78m²
 1583  1075 0.80 Coupe
 1594  2466 0.88 Electrique
 1610  1075 0.83 Cercle
 1612  1336 0.87 Rouleuse de tole
 1612  1336 0.89 Rouleuse detole
 1627  1989 0.86 Plyeuse Tole
 1627  2020 0.78 seTole
 1628   740 0.67 4.75
 1766  1999 0.89 Bordeuse Tole
 1766  2030 0.81 useTole
 1779  1599 0.83 Coupe
 1806  1600 0.86 Cercle
 1980  2962 0.51 Sc
 1980  3018 0.83 Scie a Ruban
 2008  3017 0.91 Electrique
 2048  4352 0.88 Projects
 2060  4502 0.75 Man
 2085  1755 0.71 0.354
 2091  1766 0.61 0.3511.
 2092  1766 0.65 0.351.
 2180   924 0.75 Accés
 2180  2094 0.73 Accés
 2180  3228 0.83 Accés
 2262  2356 0.76 91,41
 2262  2358 0.71 91,41-
 2344  4580 0.68 EPM.
